       1         82       2089         22   218.647390225    35.439478503   2.94e-06   2.85e-06        2088.54          23.15   218.647406054    35.439510336          1        2088.99          22.40   218.647390501    35.439489663          1       2084       2093         18         30   2.99e-06   1.00e+00     0.09   7.691e+01   7.691e+01   7.691e+01   2.297434e-04   2.297434e-04   2.297435e-04   2.297435e-04   2.297435e-04   1.272760e-05   5.073225e-04   5.073225e-04   5.143964e-04   5.143964e-04   2.589272e-05     2.20  -1.000e+00
       2        155       2793       3505   218.623445464    35.536240473   3.44e-06   3.08e-06        2791.64        3498.94   218.623491831    35.536072175          1        2792.00        3500.43   218.623479481    35.536113400          1       2786       2797       3488       3509   2.99e-06   1.00e+00     0.18   3.561e+01   3.561e+01   3.561e+01   1.063840e-04   1.063840e-04   1.063840e-04   1.063840e-04   1.063840e-04   6.461027e-06   4.840194e-04   4.840194e-04   5.002982e-04   5.002982e-04   2.519265e-05     5.27  -1.000e+00
       3         45       3953       6339   218.583856454    35.614971938   3.59e-06   3.15e-06        3952.67        6338.98   218.583867844    35.614971320          1        3952.96        6338.63   218.583857816    35.614961623          1       3949       3957       6336       6343   2.99e-06   1.00e+00     0.18   3.157e+01   3.175e+01   3.175e+01   9.429431e-05   9.485765e-05   9.485765e-05   9.485765e-05   9.485765e-05   5.917608e-06   1.178954e-04   1.178954e-04   1.224306e-04   1.224306e-04   6.811540e-06     1.59  -1.000e+00
       4         32       5714       3591   218.523733826    35.538627858   4.15e-06   3.44e-06        5715.47        3590.25   218.523683701    35.538607003          1        5714.93        3590.43   218.523702021    35.538612123          1       5711       5721       3589       3592   2.99e-06   1.00e+00     0.27   2.204e+01   2.335e+01   2.335e+01   6.584083e-05   6.973965e-05   6.973965e-05   6.973965e-05   6.973965e-05   4.798797e-06   7.813428e-05   7.813428e-05   8.246841e-05   8.246841e-05   5.091813e-06     1.28  -1.000e+00
       5         29       5239       4826   218.539933539    35.572939247   4.73e-06   3.75e-06        5238.79        4825.69   218.539940608    35.572930628          1        5238.76        4825.72   218.539941903    35.572931343          1       5236       5242       4824       4828   2.99e-06   1.00e+00     0.18   1.878e+01   1.878e+01   1.878e+01   5.611119e-05   5.611119e-05   5.611119e-05   5.611119e-05   5.611119e-05   4.249060e-06   6.118054e-05   6.118054e-05   6.560391e-05   6.560391e-05   4.436625e-06     1.27  -1.000e+00
       6        122       3201       3520   218.609518315    35.536661863   4.93e-06   3.86e-06        3200.62        3522.50   218.609531215    35.536731304          1        3200.95        3522.02   218.609520018    35.536717937          1       3189       3211       3516       3527   2.99e-06   1.00e+00     0.62   1.757e+01   1.766e+01   1.766e+01   5.248638e-05   5.275789e-05   5.275789e-05   5.275789e-05   5.275789e-05   4.122597e-06   2.225692e-04   2.225692e-04   2.399360e-04   2.399360e-04   1.236314e-05     5.48  -1.000e+00
       7         34       4980       2984   218.548795700    35.521774848   4.99e-06   3.89e-06        4979.59        2984.32   218.548809751    35.521783838          1        4979.58        2984.09   218.548810068    35.521777370          1       4977       4983       2982       2987   2.99e-06   1.00e+00     0.27   1.728e+01   1.735e+01   1.735e+01   5.163215e-05   5.182737e-05   5.182737e-05   5.182737e-05   5.182737e-05   4.088225e-06   6.266553e-05   6.266553e-05   6.766465e-05   6.766465e-05   4.513338e-06     1.54  -1.000e+00
       8         47       5641       8386   218.526143847    35.671823404   5.14e-06   3.97e-06        5641.19        8385.70   218.526137304    35.671815127          1        5641.25        8385.72   218.526135185    35.671815707          1       5637       5645       8383       8389   2.99e-06   1.00e+00     0.53   1.652e+01   1.664e+01   1.664e+01   4.935994e-05   4.971929e-05   4.971929e-05   4.971929e-05   4.971929e-05   4.011581e-06   9.704713e-05   9.704713e-05   1.052008e-04   1.052008e-04   6.049132e-06     2.17  -1.000e+00
       9         37       4546       3334   218.563606450    35.531499422   5.64e-06   4.26e-06        4544.84        3333.49   218.563646121    35.531485162          1        4544.84        3333.56   218.563645961    35.531487202          1       4541       4549       3331       3336   2.99e-06   1.00e+00     0.18   1.466e+01   1.466e+01   1.466e+01   4.379501e-05   4.379501e-05   4.379501e-05   4.379501e-05   4.379501e-05   3.806070e-06   6.363643e-05   6.363643e-05   6.991159e-05   6.991159e-05   4.598156e-06     1.82  -1.000e+00
      10         68       3255       3352   218.607673106    35.531995701   6.22e-06   4.59e-06        3255.90        3351.24   218.607642478    35.531974468          1        3255.98        3351.14   218.607639555    35.531971773          1       3251       3260       3347       3356   2.99e-06   1.00e+00     0.62   1.292e+01   1.292e+01   1.292e+01   3.860406e-05   3.860406e-05   3.860406e-05   3.860406e-05   3.860406e-05   3.639472e-06   1.091039e-04   1.091039e-04   1.217581e-04   1.217581e-04   6.781337e-06     3.57  -1.000e+00
      11         19       4765       4224   218.556125249    35.556220685   6.50e-06   4.75e-06        4765.37        4224.16   218.556112669    35.556225069          1        4765.28        4224.14   218.556115680    35.556224439          1       4763       4768       4223       4226   2.99e-06   1.00e+00     0.36   1.225e+01   1.225e+01   1.225e+01   3.659312e-05   3.659312e-05   3.659312e-05   3.659312e-05   3.659312e-05   3.578718e-06   3.208274e-05   3.208274e-05   3.607298e-05   3.607298e-05   3.489572e-06     1.03  -1.000e+00
      12         21       4806       5119   218.554718919    35.581081565   6.60e-06   4.81e-06        4805.76        5119.67   218.554727047    35.581100085          1        4805.85        5119.42   218.554723978    35.581093201          1       4804       4808       5118       5122   2.99e-06   1.00e+00     0.36   1.202e+01   1.202e+01   1.202e+01   3.590580e-05   3.590580e-05   3.590580e-05   3.590580e-05   3.590580e-05   3.558471e-06   3.469915e-05   3.469915e-05   3.912369e-05   3.912369e-05   3.570801e-06     1.15  -1.000e+00
      13         26       5929        482   218.516457865    35.452263351   6.99e-06   5.05e-06        5929.42         481.92   218.516443440    35.452261208          1        5929.48         481.80   218.516441564    35.452257829          1       5926       5932        479        484   2.99e-06   1.00e+00     0.62   1.084e+01   1.122e+01   1.122e+01   3.238379e-05   3.351111e-05   3.351111e-05   3.351111e-05   3.351111e-05   3.490078e-06   4.221244e-05   4.221244e-05   4.811054e-05   4.811054e-05   3.835430e-06     1.48  -1.000e+00
      14         19       6045       3421   218.512438312    35.533900286   7.12e-06   5.12e-06        6044.63        3421.68   218.512450873    35.533919299          1        6044.51        3421.55   218.512455005    35.533915711          1       6042       6047       3420       3424   2.99e-06   1.00e+00     0.53   1.059e+01   1.098e+01   1.098e+01   3.164091e-05   3.279799e-05   3.279799e-05   3.279799e-05   3.279799e-05   3.470377e-06   2.953948e-05   2.953948e-05   3.378727e-05   3.378727e-05   3.431896e-06     1.09  -1.000e+00
      15         28       2089       3343   218.647472887    35.531728557   7.73e-06   5.49e-06        2089.04        3344.07   218.647471694    35.531758320          1        2089.10        3343.85   218.647469657    35.531752083          1       2086       2092       3342       3347   2.99e-06   1.00e+00     0.62   9.498e+00   9.975e+00   9.975e+00   2.837272e-05   2.979821e-05   2.979821e-05   2.979821e-05   2.979821e-05   3.391013e-06   3.923501e-05   3.923501e-05   4.565940e-05   4.565940e-05   3.759776e-06     1.71  -1.000e+00
      16         25       4414       3972   218.568110469    35.549222001   8.31e-06   5.84e-06        4413.88        3972.20   218.568114565    35.549227556          1        4413.85        3972.14   218.568115486    35.549225946          1       4410       4417       3969       3975   2.99e-06   1.00e+00     0.62   9.193e+00   9.193e+00   9.193e+00   2.746170e-05   2.746170e-05   2.746170e-05   2.746170e-05   2.746170e-05   3.333314e-06   3.119114e-05   3.119114e-05   3.690846e-05   3.690846e-05   3.511346e-06     1.60  -1.000e+00
      17         25       6687       2436   218.490552826    35.506525798   8.26e-06   5.82e-06        6687.56        2435.56   218.490533730    35.506513563          1        6687.60        2435.67   218.490532286    35.506516520          1       6685       6690       2433       2438   2.99e-06   1.00e+00     0.89   9.076e+00   9.245e+00   9.245e+00   2.711181e-05   2.761870e-05   2.761870e-05   2.761870e-05   2.761870e-05   3.337074e-06   3.622286e-05   3.622286e-05   4.280990e-05   4.280990e-05   3.675008e-06     1.60  -1.000e+00
      18         26       5221       3931   218.540559075    35.548078316   8.79e-06   6.14e-06        5222.54        3931.04   218.540506551    35.548079369          1        5222.21        3931.03   218.540517816    35.548079011          1       5218       5227       3929       3933   2.99e-06   1.00e+00     0.98   8.632e+00   8.632e+00   8.632e+00   2.578556e-05   2.578556e-05   2.578556e-05   2.578556e-05   2.578556e-05   3.294261e-06   3.480079e-05   3.480079e-05   4.177102e-05   4.177102e-05   3.644997e-06     1.74  -1.000e+00
      19         23       4392       3950   218.568861623    35.548610933   9.49e-06   6.58e-06        4392.57        3950.00   218.568842326    35.548610931          1        4392.51        3949.98   218.568844107    35.548610474          1       4390       4395       3948       3952   2.99e-06   1.00e+00     0.80   7.926e+00   7.926e+00   7.926e+00   2.367778e-05   2.367778e-05   2.367778e-05   2.367778e-05   2.367778e-05   3.248047e-06   2.815790e-05   2.815790e-05   3.453293e-05   3.453293e-05   3.450401e-06     1.64  -1.000e+00
      20        128       3179       3528   218.610269398    35.536883871   1.06e-05   7.27e-06        3176.72        3525.38   218.610347239    35.536811149          1        3176.67        3525.42   218.610349037    35.536812296          1       3168       3188       3516       3533   2.99e-06   1.00e+00     2.66   7.789e+00   7.789e+00   7.029e+00   2.326670e-05   2.326670e-05   2.099636e-05   2.099636e-05   2.099636e-05   3.194122e-06   1.305205e-04   1.305205e-04   1.658432e-04   1.658432e-04   8.813848e-06     9.97  -1.000e+00
      21         25       3038       2237   218.615064840    35.501021274   9.49e-06   6.57e-06        3037.00        2237.52   218.615098968    35.501035708          1        3037.15        2237.56   218.615094018    35.501036920          1       3034       3040       2236       2240   2.99e-06   1.00e+00     0.98   7.754e+00   7.932e+00   7.932e+00   2.316325e-05   2.369544e-05   2.369544e-05   2.369544e-05   2.369544e-05   3.248420e-06   3.122569e-05   3.122569e-05   3.828762e-05   3.828762e-05   3.548072e-06     1.78  -1.000e+00
      22         21       3548       5964   218.597692066    35.604553513   9.62e-06   6.65e-06        3548.95        5964.43   218.597659532    35.604565424          1        3548.78        5964.36   218.597665513    35.604563573          1       3546       3552       5963       5966   2.99e-06   1.00e+00     0.89   7.577e+00   7.812e+00   7.812e+00   2.263342e-05   2.333561e-05   2.333561e-05   2.333561e-05   2.333561e-05   3.240858e-06   2.650350e-05   2.650350e-05   3.263276e-05   3.263276e-05   3.403851e-06     1.51  -1.000e+00
      23         15       6383       4879   218.500863159    35.574393725   9.86e-06   6.81e-06        6384.53        4878.87   218.500810796    35.574389989          1        6384.06        4878.89   218.500826961    35.574390626          1       6382       6389       4878       4881   2.99e-06   1.00e+00     0.71   7.565e+00   7.601e+00   7.601e+00   2.259760e-05   2.270743e-05   2.270743e-05   2.270743e-05   2.270743e-05   3.227891e-06   1.847489e-05   1.847489e-05   2.292214e-05   2.292214e-05   3.199613e-06     1.10  -1.000e+00
      24         21       3422       5143   218.601989250    35.581747086   1.02e-05   7.00e-06        3422.43        5143.76   218.601974619    35.581768253          1        3422.23        5143.61   218.601981391    35.581763971          1       3419       3426       5142       5145   2.99e-06   1.00e+00     0.80   7.284e+00   7.350e+00   7.350e+00   2.175865e-05   2.195809e-05   2.195809e-05   2.195809e-05   2.195809e-05   3.212821e-06   2.432866e-05   2.432866e-05   3.048391e-05   3.048391e-05   3.353675e-06     1.58  -1.000e+00
      25         13       4311       5109   218.571625511    35.580805496   1.05e-05   7.21e-06        4311.38        5109.23   218.571612374    35.580811906          1        4311.37        5109.25   218.571612870    35.580812417          1       4309       4313       5108       5111   2.99e-06   1.00e+00     0.80   6.840e+00   7.100e+00   7.100e+00   2.043365e-05   2.120871e-05   2.120871e-05   2.120871e-05   2.120871e-05   3.198188e-06   1.569826e-05   1.569826e-05   1.988248e-05   1.988248e-05   3.148372e-06     1.00  -1.000e+00
      26         15       4882       2716   218.552142545    35.514331091   1.04e-05   7.11e-06        4881.53        2716.33   218.552158468    35.514340354          1        4881.54        2716.36   218.552158074    35.514341180          1       4880       4883       2714       2718   2.99e-06   1.00e+00     0.98   6.826e+00   7.214e+00   7.214e+00   2.039124e-05   2.155011e-05   2.155011e-05   2.155011e-05   2.155011e-05   3.204800e-06   1.915131e-05   1.915131e-05   2.413461e-05   2.413461e-05   3.221826e-06     1.14  -1.000e+00
      27         17       4287       5310   218.572445013    35.586388853   1.11e-05   7.57e-06        4286.35        5309.35   218.572467116    35.586370879          1        4286.46        5309.50   218.572463427    35.586374968          1       4284       4289       5308       5311   2.99e-06   1.00e+00     0.89   6.645e+00   6.709e+00   6.709e+00   1.985117e-05   2.004051e-05   2.004051e-05   2.004051e-05   2.004051e-05   3.176266e-06   1.832743e-05   1.832743e-05   2.365364e-05   2.365364e-05   3.212895e-06     1.38  -1.000e+00
      28         20       7166       2649   218.474200462    35.512429900   1.21e-05   8.20e-06        7166.00        2649.50   218.474200445    35.512443789          1        7166.04        2649.44   218.474198953    35.512442250          1       7163       7169       2648       2651   2.99e-06   1.00e+00     1.42   6.328e+00   6.456e+00   6.126e+00   1.890327e-05   1.928506e-05   1.829925e-05   1.829925e-05   1.829925e-05   3.145642e-06   2.335024e-05   2.335024e-05   3.117833e-05   3.117833e-05   3.369597e-06     1.75  -1.000e+00
      29         14       3830       6506   218.588059995    35.619610464   1.16e-05   7.92e-06        3829.71        6506.57   218.588069761    35.619626336          1        3829.79        6506.49   218.588067285    35.619623973          1       3828       3832       6505       6508   2.99e-06   1.00e+00     0.80   6.314e+00   6.366e+00   6.366e+00   1.886238e-05   1.901612e-05   1.901612e-05   1.901612e-05   1.901612e-05   3.157948e-06   1.554336e-05   1.554336e-05   2.044554e-05   2.044554e-05   3.157374e-06     1.18  -1.000e+00
      30         23       7599       4401   218.459353732    35.561083280   1.31e-05   8.88e-06        7599.57        4401.43   218.459334415    35.561095339          1        7599.51        4401.24   218.459336443    35.561089913          1       7596       7603       4400       4403   2.99e-06   1.00e+00     1.86   5.940e+00   6.117e+00   5.597e+00   1.774403e-05   1.827288e-05   1.671949e-05   1.671949e-05   1.671949e-05   3.120037e-06   2.566868e-05   2.566868e-05   3.564468e-05   3.564468e-05   3.478551e-06     2.19  -1.000e+00
      31         18       6742       3045   218.488657782    35.523441132   1.34e-05   9.04e-06        6741.44        3046.22   218.488676707    35.523475097          1        6741.59        3045.94   218.488671808    35.523467368          1       6740       6744       3044       3049   2.99e-06   1.00e+00     1.33   5.770e+00   5.770e+00   5.490e+00   1.723720e-05   1.723720e-05   1.640075e-05   1.640075e-05   1.640075e-05   3.115127e-06   1.687350e-05   1.687350e-05   2.364708e-05   2.364708e-05   3.212775e-06     1.75  -1.000e+00
      32         15       6257       2449   218.505225390    35.506896308   1.42e-05   9.54e-06        6257.27        2448.93   218.505216292    35.506894451          1        6257.21        2449.00   218.505218255    35.506896255          1       6255       6259       2447       2451   2.99e-06   1.00e+00     1.33   5.455e+00   5.455e+00   5.175e+00   1.629720e-05   1.629720e-05   1.546076e-05   1.546076e-05   1.546076e-05   3.101155e-06   1.467370e-05   1.467370e-05   2.119292e-05   2.119292e-05   3.169670e-06     1.54  -1.000e+00
      33         12       4396       6589   218.568718931    35.621916495   1.37e-05   9.27e-06        4396.33        6588.92   218.568707540    35.621914180          1        4396.29        6588.93   218.568708969    35.621914483          1       4395       4398       6587       6590   2.99e-06   1.00e+00     1.07   5.342e+00   5.342e+00   5.342e+00   1.595894e-05   1.595894e-05   1.595894e-05   1.595894e-05   1.595894e-05   3.108465e-06   1.225788e-05   1.225788e-05   1.741285e-05   1.741285e-05   3.111588e-06     1.20  -1.000e+00
      34         10       3333       4567   218.605023129    35.565746381   1.39e-05   9.34e-06        3332.90        4566.60   218.605026540    35.565735269          1        3332.97        4566.62   218.605024256    35.565735835          1       3331       3335       4565       4568   2.99e-06   1.00e+00     0.89   5.294e+00   5.294e+00   5.294e+00   1.581535e-05   1.581535e-05   1.581535e-05   1.581535e-05   1.581535e-05   3.106336e-06   9.544307e-06   9.544307e-06   1.362099e-05   1.362099e-05   3.063950e-06     1.01  -1.000e+00
      35         14       5667       3659   218.525337068    35.540517421   1.45e-05   9.77e-06        5667.36        3659.36   218.525324870    35.540527336          1        5667.26        3659.32   218.525328168    35.540526434          1       5665       5669       3658       3661   2.99e-06   1.00e+00     1.24   5.260e+00   5.260e+00   5.040e+00   1.571463e-05   1.571463e-05   1.505742e-05   1.505742e-05   1.505742e-05   3.095394e-06   1.294456e-05   1.294456e-05   1.896956e-05   1.896956e-05   3.134258e-06     1.48  -1.000e+00
      36         12       4739       4837   218.557009085    35.573248601   1.40e-05   9.43e-06        4739.17        4836.75   218.557003394    35.573241655          1        4739.14        4836.77   218.557004162    35.573242080          1       4737       4742       4835       4838   2.99e-06   1.00e+00     1.07   5.243e+00   5.243e+00   5.243e+00   1.566329e-05   1.566329e-05   1.566329e-05   1.566329e-05   1.566329e-05   3.104101e-06   1.110084e-05   1.110084e-05   1.592225e-05   1.592225e-05   3.091562e-06     1.22  -1.000e+00
      37         12       3245       4237   218.608024438    35.556578943   1.33e-05   8.97e-06        3245.33        4236.08   218.608013047    35.556553483          1        3245.33        4236.19   218.608013041    35.556556361          1       3244       3247       4235       4238   2.99e-06   1.00e+00     1.07   5.228e+00   5.535e+00   5.535e+00   1.561688e-05   1.653582e-05   1.653582e-05   1.653582e-05   1.653582e-05   3.117197e-06   1.216224e-05   1.216224e-05   1.697748e-05   1.697748e-05   3.105567e-06     1.15  -1.000e+00
      38         12       3287       4380   218.606591924    35.560551542   1.41e-05   9.50e-06        3286.67        4379.83   218.606603304    35.560546910          1        3286.71        4379.94   218.606601715    35.560549915          1       3285       3289       4378       4381   2.99e-06   1.00e+00     1.07   5.200e+00   5.200e+00   5.200e+00   1.553462e-05   1.553462e-05   1.553462e-05   1.553462e-05   1.553462e-05   3.102225e-06   1.123742e-05   1.123742e-05   1.618863e-05   1.618863e-05   3.095019e-06     1.23  -1.000e+00
      39         10       6108       1729   218.510325943    35.486899143   1.42e-05   9.55e-06        6108.40        1729.30   218.510312291    35.486907469          1        6108.38        1729.29   218.510312850    35.486907158          1       6107       6110       1728       1731   2.99e-06   1.00e+00     0.89   5.051e+00   5.167e+00   5.167e+00   1.508831e-05   1.543435e-05   1.543435e-05   1.543435e-05   1.543435e-05   3.100773e-06   9.921661e-06   9.921661e-06   1.434284e-05   1.434284e-05   3.072174e-06     1.03  -1.000e+00
      40         10       1178       5894   218.678659941    35.602567136   1.45e-05   9.78e-06        1178.30        5894.30   218.678649703    35.602575478          1        1178.24        5894.29   218.678651713    35.602575254          1       1177       1180       5893       5896   2.99e-06   1.00e+00     0.89   5.010e+00   5.038e+00   5.038e+00   1.496669e-05   1.504876e-05   1.504876e-05   1.504876e-05   1.504876e-05   3.095272e-06   9.773955e-06   9.773955e-06   1.432787e-05   1.432787e-05   3.071999e-06     1.06  -1.000e+00
