       1        529       2154       2857   201.171049191    28.709238709   2.80e-06   2.78e-06        2146.09        2855.12   201.171299535    28.709186447          1        2151.11        2856.23   201.171140801    28.709217346          1       2119       2173       2845       2868   3.72e-06   1.00e+00     0.05   3.552e+02   3.552e+02   3.552e+02   1.322959e-03   1.322959e-03   1.322959e-03   1.322959e-03   1.322959e-03   7.134079e-05   2.806798e-03   2.806798e-03   2.814044e-03   2.814044e-03   1.407515e-04     5.84  -1.000e+00
       2        283       5796       1339   201.055723180    28.667078075   2.82e-06   2.79e-06        5794.86        1347.24   201.055759315    28.667306887          1        5795.50        1341.29   201.055739090    28.667141752          1       5787       5804       1334       1363   3.72e-06   1.00e+00     0.05   2.200e+02   2.200e+02   2.200e+02   8.191401e-04   8.191401e-04   8.191401e-04   8.191401e-04   8.191401e-04   4.426896e-05   1.224640e-03   1.224640e-03   1.229970e-03   1.229970e-03   6.161115e-05     3.44  -1.000e+00
       3        163       4800       5380   201.087234550    28.779336173   2.88e-06   2.81e-06        4799.95        5381.69   201.087236097    28.779383038          1        4800.45        5380.34   201.087220162    28.779345573          1       4792       4809       5373       5389   3.72e-06   1.00e+00     0.10   1.254e+02   1.254e+02   1.254e+02   4.670398e-04   4.670398e-04   4.670398e-04   4.670398e-04   4.670398e-04   2.542508e-05   6.048771e-04   6.048771e-04   6.097640e-04   6.097640e-04   3.071480e-05     2.25  -1.000e+00
       4        370       1944       2793   201.177698922    28.707457596   3.24e-06   2.92e-06        1949.63        2792.46   201.177520614    28.707442824          1        1945.96        2793.80   201.177637021    28.707479849          1       1935       1967       2779       2803   3.72e-06   1.00e+00     0.21   5.302e+01   5.412e+01   5.412e+01   1.974373e-04   2.015317e-04   2.015317e-04   2.015317e-04   2.015317e-04   1.147399e-05   7.735438e-04   7.735438e-04   7.896025e-04   7.896025e-04   3.965538e-05     6.42  -1.000e+00
       5        196       3973       4214   201.113441944    28.746948422   4.29e-06   3.31e-06        3973.55        4214.12   201.113424648    28.746951683          1        3973.31        4214.01   201.113432002    28.746948695          1       3965       3983       4203       4224   3.72e-06   1.00e+00     0.21   2.693e+01   2.730e+01   2.730e+01   1.002893e-04   1.016687e-04   1.016687e-04   1.016687e-04   1.016687e-04   6.621534e-06   2.691475e-04   2.691475e-04   2.815263e-04   2.815263e-04   1.456061e-05     4.29  -1.000e+00
       6         44       4327       5135   201.102225324    28.772531887   4.42e-06   3.36e-06        4326.77        5135.11   201.102232526    28.772535044          1        4326.73        5135.12   201.102233842    28.772535167          1       4321       4333       5132       5138   3.72e-06   1.00e+00     0.10   2.588e+01   2.588e+01   2.588e+01   9.639660e-05   9.639660e-05   9.639660e-05   9.639660e-05   9.639660e-05   6.388776e-06   8.555114e-05   8.555114e-05   8.974370e-05   8.974370e-05   5.831261e-06     0.98  -1.000e+00
       7         51       2641       2716   201.155623486    28.705328524   4.82e-06   3.53e-06        2641.80        2716.20   201.155598029    28.705333980          1        2641.27        2716.09   201.155614906    28.705330937          1       2635       2649       2714       2719   3.72e-06   1.00e+00     0.16   2.258e+01   2.258e+01   2.258e+01   8.409901e-05   8.409901e-05   8.409901e-05   8.409901e-05   8.409901e-05   5.863398e-06   8.385522e-05   8.385522e-05   8.869707e-05   8.869707e-05   5.791088e-06     1.20  -1.000e+00
       8         52       3778       2614   201.119614364    28.702503506   5.41e-06   3.78e-06        3776.60        2615.04   201.119658827    28.702532348          1        3777.62        2614.43   201.119626519    28.702515437          1       3767       3784       2611       2620   3.72e-06   1.00e+00     0.21   1.916e+01   1.916e+01   1.916e+01   7.137173e-05   7.137173e-05   7.137173e-05   7.137173e-05   7.137173e-05   5.351743e-06   7.441024e-05   7.441024e-05   7.965848e-05   7.965848e-05   5.452748e-06     1.32  -1.000e+00
       9        309       4251       4156   201.104634211    28.745337492   5.57e-06   3.85e-06        4245.60        4152.91   201.104805337    28.745251643          1        4245.11        4152.86   201.104820758    28.745250347          1       4231       4260       4144       4163   3.72e-06   1.00e+00     1.14   1.840e+01   1.859e+01   1.845e+01   6.852434e-05   6.923316e-05   6.871179e-05   6.871179e-05   6.871179e-05   5.249816e-06   4.419800e-04   4.419800e-04   4.746477e-04   4.746477e-04   2.402280e-05     7.95  -1.000e+00
      10         38       5469       2560   201.066062466    28.700998218   6.67e-06   4.35e-06        5468.74        2560.11   201.066070799    28.701001144          1        5468.45        2560.32   201.066080001    28.701007091          1       5463       5475       2558       2563   3.72e-06   1.00e+00     0.26   1.434e+01   1.467e+01   1.467e+01   5.339822e-05   5.464638e-05   5.464638e-05   5.464638e-05   5.464638e-05   4.746454e-06   5.149661e-05   5.149661e-05   5.656876e-05   5.656876e-05   4.676412e-06     1.09  -1.000e+00
      11         37       5142       4045   201.076406348    28.742250891   7.16e-06   4.58e-06        5141.38        4045.14   201.076426040    28.742254649          1        5141.35        4045.12   201.076427001    28.742254149          1       5137       5146       4043       4048   3.72e-06   1.00e+00     0.36   1.348e+01   1.348e+01   1.348e+01   5.019426e-05   5.019426e-05   5.019426e-05   5.019426e-05   5.019426e-05   4.601654e-06   4.773133e-05   4.773133e-05   5.297366e-05   5.297366e-05   4.569934e-06     1.11  -1.000e+00
      12         37       3990       4794   201.112904366    28.763059561   7.62e-06   4.79e-06        3989.24        4794.19   201.112928346    28.763064815          1        3989.29        4794.20   201.112926757    28.763065045          1       3984       3995       4791       4797   3.72e-06   1.00e+00     0.31   1.255e+01   1.255e+01   1.255e+01   4.672110e-05   4.672110e-05   4.672110e-05   4.672110e-05   4.672110e-05   4.494338e-06   4.419293e-05   4.419293e-05   4.952016e-05   4.952016e-05   4.472067e-06     1.15  -1.000e+00
      13         35       6430       5159   201.035580069    28.773180241   7.74e-06   4.85e-06        6429.37        5158.86   201.035599992    28.773176283          1        6429.77        5158.85   201.035587398    28.773176063          1       6425       6434       5157       5161   3.72e-06   1.00e+00     0.26   1.231e+01   1.231e+01   1.231e+01   4.585486e-05   4.585486e-05   4.585486e-05   4.585486e-05   4.585486e-05   4.468390e-06   4.082850e-05   4.082850e-05   4.587217e-05   4.587217e-05   4.373718e-06     1.10  -1.000e+00
      14         59       4908       5776   201.083809402    28.790335653   7.95e-06   4.96e-06        4908.15        5775.49   201.083804570    28.790321528          1        4908.06        5775.62   201.083807516    28.790325214          1       4902       4915       5772       5779   3.72e-06   1.00e+00     0.47   1.195e+01   1.195e+01   1.195e+01   4.448847e-05   4.448847e-05   4.448847e-05   4.448847e-05   4.448847e-05   4.428151e-06   6.582203e-05   6.582203e-05   7.428301e-05   7.428301e-05   5.259628e-06     1.89  -1.000e+00
      15        190       3942       4271   201.114424228    28.748531700   9.02e-06   5.49e-06        3941.77        4271.06   201.114431398    28.748533308          1        3941.80        4271.19   201.114430532    28.748537061          1       3925       3958       4266       4276   3.72e-06   1.00e+00     1.71   1.082e+01   1.082e+01   1.036e+01   4.030448e-05   4.030448e-05   3.859140e-05   3.859140e-05   3.859140e-05   4.264708e-06   2.053132e-04   2.053132e-04   2.372295e-04   2.372295e-04   1.243235e-05     6.60  -1.000e+00
      16         31       2606       3765   201.156746005    28.734467007   9.91e-06   5.93e-06        2605.45        3765.68   201.156763386    28.734485817          1        2605.50        3765.55   201.156761915    28.734482249          1       2602       2609       3763       3768   3.72e-06   1.00e+00     0.41   9.348e+00   9.348e+00   9.348e+00   3.481086e-05   3.481086e-05   3.481086e-05   3.481086e-05   3.481086e-05   4.169290e-06   3.125260e-05   3.125260e-05   3.684958e-05   3.684958e-05   4.154937e-06     1.15  -1.000e+00
      17         38       4243       2869   201.104888134    28.709587492   1.04e-05   6.18e-06        4242.18        2869.29   201.104913971    28.709595533          1        4242.23        2869.35   201.104912380    28.709597272          1       4237       4247       2867       2871   3.72e-06   1.00e+00     0.52   8.880e+00   8.880e+00   8.880e+00   3.307005e-05   3.307005e-05   3.307005e-05   3.307005e-05   3.307005e-05   4.127989e-06   3.549690e-05   3.549690e-05   4.232705e-05   4.232705e-05   4.283424e-06     1.46  -1.000e+00
      18         32       1195       4459   201.201462371    28.753720812   1.07e-05   6.33e-06        1195.28        4459.00   201.201453459    28.753720819          1        1195.22        4459.05   201.201455245    28.753722284          1       1190       1200       4456       4461   3.72e-06   1.00e+00     0.67   8.620e+00   8.620e+00   8.620e+00   3.210185e-05   3.210185e-05   3.210185e-05   3.210185e-05   3.210185e-05   4.105765e-06   3.149550e-05   3.149550e-05   3.781582e-05   3.781582e-05   4.176585e-06     1.25  -1.000e+00
      19         29       5761       1595   201.056827870    28.674189599   1.09e-05   6.44e-06        5761.07        1594.66   201.056825691    28.674180020          1        5761.08        1594.74   201.056825317    28.674182482          1       5757       5765       1592       1597   3.72e-06   1.00e+00     0.52   8.429e+00   8.429e+00   8.429e+00   3.138952e-05   3.138952e-05   3.138952e-05   3.138952e-05   3.138952e-05   4.089761e-06   2.646248e-05   2.646248e-05   3.194530e-05   3.194530e-05   4.052163e-06     1.15  -1.000e+00
      20         27       3638       4526   201.124057086    28.755614113   1.13e-05   6.65e-06        3637.33        4526.37   201.124078211    28.755624398          1        3637.35        4526.39   201.124077704    28.755624965          1       3632       3642       4524       4528   3.72e-06   1.00e+00     0.57   8.117e+00   8.117e+00   8.117e+00   3.022960e-05   3.022960e-05   3.022960e-05   3.022960e-05   3.022960e-05   4.064342e-06   2.635098e-05   2.635098e-05   3.211423e-05   3.211423e-05   4.055500e-06     1.10  -1.000e+00
      21         27       2958       3057   201.145587666    28.714804026   1.17e-05   6.85e-06        2957.30        3056.81   201.145609952    28.714798876          1        2957.41        3056.82   201.145606464    28.714798966          1       2953       2961       3055       3059   3.72e-06   1.00e+00     0.57   7.821e+00   7.821e+00   7.821e+00   2.912534e-05   2.912534e-05   2.912534e-05   2.912534e-05   2.912534e-05   4.040891e-06   2.418028e-05   2.418028e-05   2.976264e-05   2.976264e-05   4.010400e-06     1.13  -1.000e+00
      22         25       4444       4125   201.098519631    28.744476170   1.16e-05   6.82e-06        4444.52        4124.56   201.098503157    28.744463947          1        4444.56        4124.59   201.098501958    28.744464743          1       4440       4449       4123       4126   3.72e-06   1.00e+00     0.67   7.636e+00   7.870e+00   7.870e+00   2.843737e-05   2.930805e-05   2.930805e-05   2.930805e-05   2.930805e-05   4.044720e-06   2.357297e-05   2.357297e-05   2.896566e-05   2.896566e-05   3.995785e-06     1.04  -1.000e+00
      23         25       5631       3218   201.060924224    28.719274383   1.18e-05   6.91e-06        5631.56        3217.64   201.060906491    28.719264377          1        5631.43        3217.62   201.060910623    28.719263930          1       5628       5635       3216       3219   3.72e-06   1.00e+00     0.62   7.549e+00   7.745e+00   7.745e+00   2.811481e-05   2.884260e-05   2.884260e-05   2.884260e-05   2.884260e-05   4.035005e-06   2.357878e-05   2.357878e-05   2.910057e-05   2.910057e-05   3.998235e-06     1.06  -1.000e+00
      24         24       4112       4697   201.109038423    28.760365251   1.26e-05   7.32e-06        4112.29        4696.71   201.109029181    28.760357149          1        4112.36        4696.68   201.109027019    28.760356259          1       4108       4117       4695       4699   3.72e-06   1.00e+00     0.62   7.240e+00   7.240e+00   7.240e+00   2.696156e-05   2.696156e-05   2.696156e-05   2.696156e-05   2.696156e-05   3.997106e-06   2.150816e-05   2.150816e-05   2.707473e-05   2.707473e-05   3.962496e-06     1.07  -1.000e+00
      25         38       6119       1874   201.045488895    28.681935005   1.26e-05   7.30e-06        6120.42        1873.97   201.045443901    28.681934254          1        6120.25        1873.93   201.045449272    28.681933102          1       6115       6126       1872       1876   3.72e-06   1.00e+00     0.83   7.214e+00   7.261e+00   7.261e+00   2.686432e-05   2.704098e-05   2.704098e-05   2.704098e-05   2.704098e-05   3.998661e-06   3.144385e-05   3.144385e-05   3.954609e-05   3.954609e-05   4.216457e-06     1.69  -1.000e+00
      26         55        522       3481   201.222755850    28.726537545   1.35e-05   7.79e-06         521.58        3480.18   201.222769072    28.726514806          1         521.52        3480.37   201.222770989    28.726520061          1        515        528       3476       3483   3.72e-06   1.00e+00     1.45   7.010e+00   7.085e+00   6.735e+00   2.610464e-05   2.638480e-05   2.508137e-05   2.508137e-05   2.508137e-05   3.961450e-06   4.498161e-05   4.498161e-05   5.797513e-05   5.797513e-05   4.719275e-06     2.59  -1.000e+00
      27         22       3448       5043   201.130080555    28.769974302   1.32e-05   7.65e-06        3447.14        5043.27   201.130107925    28.769981873          1        3447.35        5043.18   201.130101288    28.769979373          1       3444       3451       5042       5045   3.72e-06   1.00e+00     0.73   6.873e+00   6.873e+00   6.873e+00   2.559469e-05   2.559469e-05   2.559469e-05   2.559469e-05   2.559469e-05   3.970960e-06   1.877084e-05   1.877084e-05   2.402708e-05   2.402708e-05   3.913058e-06     1.02  -1.000e+00
      28         21       4160       2266   201.107516645    28.692837488   1.43e-05   8.21e-06        4160.62        2265.57   201.107497042    28.692825583          1        4160.60        2265.58   201.107497685    28.692825770          1       4157       4164       2264       2267   3.72e-06   1.00e+00     0.88   6.242e+00   6.347e+00   6.347e+00   2.324648e-05   2.363591e-05   2.363591e-05   2.363591e-05   2.363591e-05   3.935591e-06   1.771151e-05   1.771151e-05   2.332371e-05   2.332371e-05   3.902404e-06     1.04  -1.000e+00
      29         65       2146       2842   201.171302301    28.708821921   1.66e-05   9.45e-06        2145.82        2840.92   201.171308130    28.708792004          1        2146.13        2841.23   201.171298106    28.708800496          1       2139       2152       2837       2845   3.72e-06   1.00e+00     2.44   6.123e+00   6.123e+00   5.423e+00   2.280209e-05   2.280209e-05   2.019524e-05   2.019524e-05   2.019524e-05   3.879630e-06   4.916763e-05   4.916763e-05   6.932228e-05   6.932228e-05   5.087506e-06     3.73  -1.000e+00
      30         50       8151       2211   200.981138677    28.691252087   1.70e-05   9.64e-06        8151.02        2209.58   200.981138091    28.691212642          1        8150.90        2209.85   200.981141877    28.691220184          1       8145       8157       2205       2212   3.72e-06   1.00e+00     1.97   5.811e+00   5.869e+00   5.309e+00   2.163983e-05   2.185543e-05   1.976994e-05   1.976994e-05   1.976994e-05   3.873272e-06   3.657049e-05   3.657049e-05   5.211757e-05   5.211757e-05   4.545259e-06     2.93  -1.000e+00
      31         15       4025       3247   201.111793025    28.720087387   1.57e-05   8.97e-06        4025.87        3246.73   201.111765573    28.720079981          1        4025.85        3246.67   201.111766242    28.720078295          1       4023       4029       3245       3248   3.72e-06   1.00e+00     0.62   5.641e+00   5.745e+00   5.745e+00   2.100865e-05   2.139450e-05   2.139450e-05   2.139450e-05   2.139450e-05   3.898227e-06   1.129831e-05   1.129831e-05   1.550281e-05   1.550281e-05   3.803895e-06     0.81  -1.000e+00
      32         19        703       4723   201.217059007    28.761042326   1.64e-05   9.31e-06         704.95        4721.63   201.216997261    28.761004365          0         704.47        4721.87   201.217012258    28.761010875          0        701        710       4719       4724   3.72e-06   1.00e+00     0.99   5.517e+00   5.517e+00   5.517e+00   2.054636e-05   2.054636e-05   2.054636e-05   2.054636e-05   2.054636e-05   3.884973e-06   1.318959e-05   1.318959e-05   1.844065e-05   1.844065e-05   3.836524e-06     1.07  -1.000e+00
      33         21       4523       2248   201.096021867    28.692337108   1.64e-05   9.32e-06        4522.57        2247.90   201.096035439    28.692334464          1        4522.64        2247.88   201.096033338    28.692333883          1       4519       4526       2246       2250   3.72e-06   1.00e+00     1.09   5.510e+00   5.510e+00   5.510e+00   2.051880e-05   2.051880e-05   2.051880e-05   2.051880e-05   2.051880e-05   3.884551e-06   1.543634e-05   1.543634e-05   2.159580e-05   2.159580e-05   3.877463e-06     1.19  -1.000e+00
      34         19       1724       3452   201.184680187    28.725759306   1.64e-05   9.36e-06        1723.58        3452.16   201.184693527    28.725763684          1        1723.68        3452.16   201.184690274    28.725763820          1       1721       1727       3451       3454   3.72e-06   1.00e+00     0.99   5.485e+00   5.485e+00   5.485e+00   2.042657e-05   2.042657e-05   2.042657e-05   2.042657e-05   2.042657e-05   3.883141e-06   1.363938e-05   1.363938e-05   1.912339e-05   1.912339e-05   3.844871e-06     1.08  -1.000e+00
      35         18       5184       4426   201.075072580    28.752833925   1.66e-05   9.44e-06        5182.50        4426.67   201.075120101    28.752852454          1        5182.92        4426.45   201.075106936    28.752846299          1       5178       5186       4425       4429   3.72e-06   1.00e+00     0.93   5.431e+00   5.431e+00   5.431e+00   2.022512e-05   2.022512e-05   2.022512e-05   2.022512e-05   2.022512e-05   3.880082e-06   1.279233e-05   1.279233e-05   1.802295e-05   1.802295e-05   3.831558e-06     1.03  -1.000e+00
      36         23        740       4447   201.215878542    28.753376613   1.72e-05   9.74e-06         741.22        4447.35   201.215839979    28.753386306          1         740.99        4447.20   201.215847150    28.753382147          1        737        745       4446       4449   3.72e-06   1.00e+00     1.19   5.429e+00   5.429e+00   5.249e+00   2.021658e-05   2.021658e-05   1.954625e-05   1.954625e-05   1.954625e-05   3.869978e-06   1.600550e-05   1.600550e-05   2.294494e-05   2.294494e-05   3.896787e-06     1.36  -1.000e+00
      37         25       3095       5578   201.141271962    28.784832993   1.73e-05   9.80e-06        3095.32        5577.52   201.141261815    28.784819662          1        3095.30        5577.58   201.141262496    28.784821400          1       3091       3100       5576       5579   3.72e-06   1.00e+00     1.30   5.368e+00   5.471e+00   5.211e+00   1.999238e-05   2.037503e-05   1.940677e-05   1.940677e-05   1.940677e-05   3.867942e-06   1.860534e-05   1.860534e-05   2.677292e-05   2.677292e-05   3.957366e-06     1.49  -1.000e+00
      38         20       5536       2808   201.063937880    28.707886464   1.71e-05   9.68e-06        5536.25        2807.60   201.063929967    28.707875350          1        5536.25        2807.67   201.063930033    28.707877389          1       5533       5539       2806       2809   3.72e-06   1.00e+00     1.04   5.281e+00   5.281e+00   5.281e+00   1.966830e-05   1.966830e-05   1.966830e-05   1.966830e-05   1.966830e-05   3.871771e-06   1.414859e-05   1.414859e-05   2.021723e-05   2.021723e-05   3.858836e-06     1.18  -1.000e+00
      39         12       5512       3052   201.064695286    28.714664477   1.72e-05   9.74e-06        5511.92        3052.33   201.064697921    28.714673737          1        5511.94        3052.32   201.064697257    28.714673394          1       5510       5514       3051       3054   3.72e-06   1.00e+00     0.62   5.249e+00   5.249e+00   5.249e+00   1.954592e-05   1.954592e-05   1.954592e-05   1.954592e-05   1.954592e-05   3.869974e-06   8.785936e-06   8.785936e-06   1.259533e-05   1.259533e-05   3.776953e-06     0.71  -1.000e+00
      40         17       5065       3086   201.078852780    28.715612515   1.73e-05   9.79e-06        5064.71        3086.41   201.078862092    28.715623955          1        5064.72        3086.35   201.078861543    28.715622136          1       5062       5068       3085       3088   3.72e-06   1.00e+00     0.88   5.218e+00   5.218e+00   5.218e+00   1.943406e-05   1.943406e-05   1.943406e-05   1.943406e-05   1.943406e-05   3.868340e-06   1.196956e-05   1.196956e-05   1.721126e-05   1.721126e-05   3.822217e-06     1.01  -1.000e+00
      41         13       4425       3117   201.099123495    28.716476202   1.74e-05   9.85e-06        4425.92        3116.62   201.099094259    28.716465517          1        4425.88        3116.64   201.099095626    28.716466082          1       4423       4429       3115       3118   3.72e-06   1.00e+00     0.67   5.181e+00   5.185e+00   5.185e+00   1.929317e-05   1.931019e-05   1.931019e-05   1.931019e-05   1.931019e-05   3.866540e-06   9.618564e-06   9.618564e-06   1.387790e-05   1.387790e-05   3.788174e-06     0.78  -1.000e+00
      42         16       6048       3561   201.047710749    28.728797111   1.75e-05   9.91e-06        6048.69        3560.50   201.047688978    28.728783213          1        6048.73        3560.53   201.047687717    28.728784125          1       6046       6052       3559       3562   3.72e-06   1.00e+00     0.83   5.150e+00   5.150e+00   5.150e+00   1.917818e-05   1.917818e-05   1.917818e-05   1.917818e-05   1.917818e-05   3.864634e-06   1.165291e-05   1.165291e-05   1.687537e-05   1.687537e-05   3.818471e-06     0.97  -1.000e+00
      43         16       7308       3649   201.007795312    28.731218494   1.75e-05   9.94e-06        7308.12        3649.00   201.007791352    28.731218491          1        7308.10        3648.99   201.007791989    28.731218232          1       7304       7312       3647       3651   3.72e-06   1.00e+00     0.83   5.132e+00   5.132e+00   5.132e+00   1.911227e-05   1.911227e-05   1.911227e-05   1.911227e-05   1.911227e-05   3.863687e-06   1.128657e-05   1.128657e-05   1.637549e-05   1.637549e-05   3.813026e-06     0.97  -1.000e+00
      44         18       6970       4006   201.018494092    28.741142496   1.74e-05   9.88e-06        6971.00        4005.56   201.018462422    28.741130129          1        6970.84        4005.59   201.018467376    28.741131079          1       6967       6976       4004       4007   3.72e-06   1.00e+00     0.93   5.126e+00   5.166e+00   5.166e+00   1.908869e-05   1.923857e-05   1.923857e-05   1.923857e-05   1.923857e-05   3.865505e-06   1.297423e-05   1.297423e-05   1.875695e-05   1.875695e-05   3.840355e-06     1.08  -1.000e+00
      45         14       7506       3251   201.001534175    28.720158252   1.77e-05   1.00e-05        7506.50        3250.50   201.001518351    28.720144351          1        7506.43        3250.54   201.001520515    28.720145462          1       7503       7510       3249       3252   3.72e-06   1.00e+00     0.73   5.091e+00   5.091e+00   5.091e+00   1.896058e-05   1.896058e-05   1.896058e-05   1.896058e-05   1.896058e-05   3.861519e-06   1.051059e-05   1.051059e-05   1.531656e-05   1.531656e-05   3.802008e-06     0.86  -1.000e+00
      46         15       6704       4233   201.026916407    28.747453231   1.78e-05   1.01e-05        6702.60        4233.53   201.026960752    28.747468072          1        6702.78        4233.42   201.026955004    28.747464927          1       6699       6706       4232       4235   3.72e-06   1.00e+00     0.78   5.067e+00   5.067e+00   5.067e+00   1.886968e-05   1.886968e-05   1.886968e-05   1.886968e-05   1.886968e-05   3.860228e-06   1.075427e-05   1.075427e-05   1.571359e-05   1.571359e-05   3.806056e-06     0.92  -1.000e+00
      47         14       4993       5222   201.081118971    28.774946290   1.78e-05   1.01e-05        4992.79        5222.14   201.081125761    28.774950260          1        4992.86        5222.12   201.081123257    28.774949519          1       4990       4996       5221       5224   3.72e-06   1.00e+00     0.73   5.066e+00   5.066e+00   5.066e+00   1.886749e-05   1.886749e-05   1.886749e-05   1.886749e-05   1.886749e-05   3.860197e-06   9.631086e-06   9.631086e-06   1.407337e-05   1.407337e-05   3.789976e-06     0.86  -1.000e+00
      48         16       4950       3213   201.082494383    28.719140979   1.73e-05   9.83e-06        4949.56        3213.31   201.082508239    28.719149662          1        4949.61        3213.32   201.082506834    28.719149979          1       4946       4954       3212       3215   3.72e-06   1.00e+00     0.83   5.064e+00   5.197e+00   5.197e+00   1.885969e-05   1.935537e-05   1.935537e-05   1.935537e-05   1.935537e-05   3.867195e-06   1.158471e-05   1.158471e-05   1.669384e-05   1.669384e-05   3.816475e-06     0.96  -1.000e+00
      49         16       3794       5764   201.119118434    28.790003563   1.72e-05   9.78e-06        3794.69        5763.50   201.119096641    28.789989676          1        3794.75        5763.50   201.119094796    28.789989546          1       3792       3798       5762       5765   3.72e-06   1.00e+00     0.83   5.050e+00   5.226e+00   5.226e+00   1.880809e-05   1.946034e-05   1.946034e-05   1.946034e-05   1.946034e-05   3.868723e-06   1.160850e-05   1.160850e-05   1.668016e-05   1.668016e-05   3.816326e-06     0.95  -1.000e+00
      50         19       6741       2662   201.025777744    28.703813659   1.77e-05   1.00e-05        6742.53        2661.05   201.025729426    28.703787314          1        6742.53        2661.08   201.025729163    28.703788174          1       6738       6747       2659       2663   3.72e-06   1.00e+00     0.99   5.023e+00   5.081e+00   5.081e+00   1.870438e-05   1.892229e-05   1.892229e-05   1.892229e-05   1.892229e-05   3.860975e-06   1.344589e-05   1.344589e-05   1.961601e-05   1.961601e-05   3.851070e-06     1.17  -1.000e+00
